Anderson Pamela		*Panienka* Sun,  1/May/2016 
DEUT PL PX XXX		PL 67 12345678 4444000010045678
------------------------------------------------------------------------
17 24 23 29 36 		 2  3 
14 46 44  9  7 		 1  9 
26 27 46  3  5 		 3  7 
23 43 17 44  6 		 4  5 
37 27 48  8  5 		 3  6 
45  9  4 24 22 		 1  3 
21 40 48 47 35 		 9 10 
 9 48 45 12 41 		 4 10 
Banaszak Lolita		*Panienka* Fri, 16/Dec/2016 
BPHK PL PK XXX		PL 61 12340011 0011000012300678
------------------------------------------------------------------------
 1 10 23 30 38 		 1  5 
 9 24 26 33 40 		 2  3 
 8 14 26 33 47 		 2  7 
 7 12 15 16 50 		 8  9 
 6 14 20 27 28 		 4 10 
Brosnan Pierce		*Facet* Tue,  9/Aug/2016 
RCBW PL PW XXX		PL 47 87654321 1111000012345678
------------------------------------------------------------------------
17 39 40 27 25 		 5  3 
25 49  4 47 29 		 6  9 
29  4 12 27 25 		 2  8 
Burak Helena		*Panienka* Mon, 28/Nov/2016 
WBKP PL PP XXX		PL 62 12345678 0001100011345611
------------------------------------------------------------------------
 2  5 16 18 37 		 4  5 
 8 10 28 40 43 		 2  8 
24 25 29 31 34 		 8  9 
Fajfus Tadeusz		*Facet* Tue,  6/Dec/2016 
ALBP PL PW XXX		PL 61 12345678 0002200022346678
------------------------------------------------------------------------
 7 13 21 37 41 		 3  4 
 3  6 23 40 41 		 3  4 
 6 17 23 24 35 		 4 10 
15 30 33 34 49 		 3  8 
 6  7  8 26 50 		 3  5 
 8 10 15 25 31 		 3  4 
Krupa Joanna		*Panienka* Sat, 19/Nov/2016 
RCBW PL PW XXX		PL 56 12345678 0000000012345000
------------------------------------------------------------------------
32 14 45 38 37 		 3 10 
Lopez Jennifer		*Panienka* Wed, 21/Dec/2016 
DEUT PL PX XXX		PL 67 12345678 0000333312345678
------------------------------------------------------------------------
32 14 45 38 11 		 1 10 
41 16 25 46 48 		 8  9 
 5 31 21 29 11 		 2  3 
 4 40 17  6 29 		 6  7 
 5 31 21 29 11 		 6  4 
41 16 25 46 48 		 5 10 
Mielnus Katarzyna		*Panienka* Fri,  2/Dec/2016 
CITI PL PX XXX		PL 64 12345600 3333000012345600
------------------------------------------------------------------------
10 24 27 31 41 		 8  9 
12 23 38 42 46 		 4  7 
 4  5 23 32 39 		 6  8 
 6  9 10 16 28 		 3  7 
 4 10 23 27 28 		 2  4 
 2  8 17 31 36 		 1  7 
15 17 26 29 32 		 6  7 
Moore Demi		*Panienka* Fri,  2/Sep/2016 
RCBW PL PW XXX		PL 47 12345678 2222000008765432
------------------------------------------------------------------------
22 44 40 33  7 		 1  5 
 8  1 31  4 17 		10  6 
13 29 38 33  6 		 1  9 
47 13  3 31 16 		 3  9 
34 11 20 29 49 		 1  9 
25  8 44 22 10 		 8  4 
Mucha Anna		*Panienka* Wed, 12/Oct/2016 
INGB PL PW XXX		PL 54 12345678 0000222212300078
------------------------------------------------------------------------
 9 48 45 12 41 		 1  2 
21 40 48 47 35 		 3  4 
45  9  4 24 22 		 5  6 
37 27 48  8  5 		 7  8 
23 43 17 44  6 		 9 10 
26 27 46 13  5 		10  1 
14 46 44 24  7 		 2  9 
Pawlik Pamela		*Panienka* Thu, 24/Nov/2016 
POLU PL PR XXX		PL 63 12345678 0000000012345678
------------------------------------------------------------------------
 1  2 15 33 43 		 4  8 
 9 13 17 21 29 		 2  7 
10 14 18 27 38 		 3  9 
 3  5  6 18 24 		 1  4 
Piernik Marcin		*Facet* Sun,  4/Dec/2016 
BIGB PL PW XXX		PL 65 12345678 0000444412300678
------------------------------------------------------------------------
27 29 40 43 44 		 1  4 
 7 15 32 37 29 		 1 10 
Zeta-Jones Catherine		*Panienka* Tue, 27/Sep/2016 
RCBW PL PW XXX		PL 47 12345678 0000111100005678
------------------------------------------------------------------------
17 24 23 29 36 		 5  6 
48 49  6  7 19 		 8  4 
16 15 37 44 28 		 5  3 
49 47 23 46 24 		 2  8 



========================================
              STATYSTYKI
========================================
1: 3	2: 3	3: 4	4: 8	5: 9	6: 11	7: 8	8: 9	9: 8	10: 8	
11: 4	12: 5	13: 5	14: 7	15: 7	16: 7	17: 11	18: 3	19: 1	20: 2	
21: 6	22: 4	23: 11	24: 11	25: 8	26: 6	27: 11	28: 5	29: 14	30: 2	
31: 8	32: 5	33: 6	34: 3	35: 3	36: 3	37: 7	38: 6	39: 2	40: 9	
41: 7	42: 1	43: 5	44: 8	45: 6	46: 8	47: 6	48: 9	49: 5	50: 2	


1: 13	2: 11	3: 18	4: 17	5: 10	6: 9	7: 9	8: 13	9: 13	10: 11	
