* Banaszak   Lolita f    BPHKPLPKXXX   PL61123400110011000012300678     16/12/2016 01234567890
 1 10 23 30 38   1 5  
 9 24 26 33 40   2 3
 8 14 26 33 47   2 7
 7 12 15 16 50   8 9
 6 14 20 27 28   4 10
*Fajfus Tadeusz     m    ALBPPLPWXXX   PL61123456780002200022346678   6/12/2016  01234567890
 7 13 21 37 41   3 4
 3  6 23 40 41   3 4
 6 17 23 24 35   4 10
15 30 33 34 49   3 8
 6  7  8 26 50   3 5
 8 10 15 25 31   3 4
*Burak Helena       F    WBKPPLPPXXX    PL62123456780001100011345611    28/11/2016 01234567890
 2  5 16 18 37 	4 5
 8 10 28 40 43  2 8
24 25 29 31 34  8 9
*Pawlik Pamela      F    POLUPLPRXXX  PL63123456780000000012345678      24/11/2016  01234567890
 1  2 15 33 43   4 8
 9 13 17 21 29   2 7
10 14 18 27 38   3 9
 3  5  6 18 24   1 4
*Mielnus Katarzyna  F    CITIPLPXXXX   PL64123456003333000012345600     2/12/2016  01234567890
10 24 27 31 41   8 9
12 23 38 42 46   4 7
 4  5 23 32 39   6 8
 6  9 10 16 28   3 7
 4 10 23 27 28 	 2 4
 2  8 17 31 36	 1 7
15 17 26 29 32	 6 7
*Piernik Marcin     M    BIGBPLPWXXX   PL65123456780000444412300678  4/12/2016  01234567890
27 29 40 43 44	 1 4
 7 15 32 37 29	 1 10
*Anderson Pamela    f    DEUTPLPXXXX   PL67123456784444000010045678     1/5/2016   01234567890
 17  24  23  29  36  2 3
 14  46  44   9  7  1 9
 26  27  46   3  5  3 7
 23  43  17  44  6  4 5
 37  27  48   8  5  3 6
 45   9   4  24  22  1 3
 21  40  48  47   35  9 10
  9  48  45  12  41  4 10
*Lopez Jennifer      f   DEUTPLPXXXX   PL67123456780000333312345678     21/12/2016  01234567890
 32  14  45  38  11  1 10
 41  16  25  46  48  8 9
  5  31  21  29  11  2 3
  4  40  17   6  29  6 7
  5  31  21  29  11  6 4
 41  16  25  46  48  5 10
*Krupa Joanna        f   RCBWPLPWXXX   PL56123456780000000012345000    19/11/2016  01234567890
 32  14  45  38  37  3 10
*Mucha Anna          f   INGBPLPWXXX   PL54123456780000222212300078     12/10/2016  01234567890
 9  48  45  12  41  1 2
 21 40  48  47   35  3 4
 45  9   4  24  22  5 6
 37 27  48   8  5  7 8 
 23 43  17  44  6  9 10
 26 27  46   13   5  10 1
 14 46  44   24   7  2 9
*Zeta-Jones Catherine f  RCBWPLPWXXX   PL47123456780000111100005678    27/9/2016   01234567890
 17  24  23  29  36    5 6
 48  49   6   7  19    8 4
 16  15  37  44  28   5 3
 49  47  23  46  24    2 8
*Moore Demi           F   RCBWPLPWXXX  PL47123456782222000008765432     2/9/2016    01234567890
 22  44  40  33   7    1 5
  8   1  31   4  17    10 6
 13  29  38  33   6    1 9
 47  13   3  31  16    3 9
 34  11  20  29  49    1 9
 25   8  44  22  10    8 4
*Brosnan Pierce      m   RCBWPLPWXXX  PL47876543211111000012345678     9/8/2016    01234567890  
 17  39  40  27  25    5 3
 25  49   4  47  29    6 9
 29   4  12  27  25    2 8